# smFRETAnalyzer spot contamination model
# predicted fraction of a spot's measured signal belonging to something other than its largest contributor
version 1
threshold_default 0.2
analysis_sigma 2
psf_sigma 1.5
psf_waves 0.3
trained_sigma_range 1.0 2.5
trained_waves_range 0.0 0.5
features 43
feature_names prominence,snr,log flux,background,overlap,overlap/measured,nearest,within5,within10,within15,detected density,|e|,moment size,chi2,|e| x snr,log frames,ring0_mean,ring1_mean,ring2_mean,ring3_mean,ring4_mean,ring5_mean,ring6_mean,ring7_mean,ring8_mean,ring9_mean,ring10_mean,ring11_mean,ring12_mean,ring0_max,ring1_max,ring2_max,ring3_max,ring4_max,ring5_max,ring6_max,ring7_max,ring8_max,ring9_max,ring10_max,ring11_max,ring12_max,log centre
baseline 0.1181606661935463
response_step 0.25
response_count 181
response 0.4199834200097139 0.4256839279684717 0.4276014967254869 0.4256839324556644 0.41998342942490396 0.4106659586497807 0.3979879930474055 0.38230000652232177 0.36401835427199597 0.3436181443250717 0.32159821190439525 0.2984752347431539 0.2747521317385865 0.2509106951202159 0.22738344971929492 0.2045543698388321 0.18274052689903394 0.16219655711184763 0.14310394286777353 0.12558300994883181 0.1096906165966194 0.09543380839844168 0.08277174422628623 0.07163103749581609 0.06191029303829829 0.05349275799464023 0.04625029090918645 0.04005331909629836 0.0347736050239643 0.03029027068692427 0.026490558513942206 0.023273027806053295 0.020547045564374058 0.01823378263671097 0.016264819438375537 0.014582051154912871 0.01313618075610971 0.011886172410886606 0.010797837103453858 0.00984319981674889 0.008999392252802597 0.00824809632859371 0.007574642266956127 0.006967498005837032 0.006417552708013926 0.005917783745174027 0.005462566118770225 0.005047425917593792 0.004668492382226046 0.0043228412787397206 0.004007406062436169 0.0037195120496716755 0.0034559263995918477 0.003215612657003704 0.002995457309597591 0.0027934212337343447 0.0026050110890167327 0.0024339011837289848 0.002275462359545334 0.0021287386236854226 0.001984965756752814 0.0018594244611684898 0.001741778401502211 0.0016321228806029518 0.0015117230605461282 0.0014181134559504152 0.001328146818552196 0.0012430326932649203 0.0011291681247157456 0.0010566499722134144 0.0009835604225720675 0.000912808372540268 0.0007969780149704548 0.0007381889730212571 0.0006765613836465071 0.0006166228035356675 0.0005057459869427203 0.0004599160045105725 0.0004115801459671261 0.00036557481462746875 0.0002758150757613608 0.000245003478434061 0.0002130817205057609 0.00018375904693435826 0.0001252245463859204 0.00010847483474512821 9.157584074310059e-05 7.663979741066645e-05 4.640067859974174e-05 3.9225813006438164e-05 3.21799564812175e-05 2.617599418083162e-05 1.3861504685818937e-05 1.1459532808714192e-05 9.157690117903232e-06 7.259426435553366e-06 3.3121397399526045e-06 2.685230945914794e-06 2.096837646437309e-06 1.6251366937446723e-06 6.298456529575909e-07 5.021833158495934e-07 3.8427481092852876e-07 2.918586052954673e-07 9.425457363243565e-08 7.369133884942753e-08 5.49640545210308e-08 4.059057380284653e-08 9.739930279027716e-09 7.223472645047594e-09 5.057713123946539e-09 3.5281176556372806e-09 0.0 0.0 0.0 0.0 0.0 0.0 0.0 0.0 0.0 0.0 0.0 0.0 0.0 0.0 0.0 0.0 0.0 0.0 0.0 0.0 0.0 0.0 0.0 0.0 0.0 0.0 0.0 0.0 0.0 0.0 0.0 0.0 0.0 0.0 0.0 0.0 0.0 0.0 0.0 0.0 0.0 0.0 0.0 0.0 0.0 0.0 0.0 0.0 0.0 0.0 0.0 0.0 0.0 0.0 0.0 0.0 0.0 0.0 0.0 0.0 0.0 0.0 0.0 0.0 0.0 0.0 0.0 0.0 0.0
trees 100
tree 0 15
0 14 1.3336056728031402 1 8 0.0
0 0 0.463 2 5 -0.046882851549142686
0 20 0.41690273737897576 3 4 0.16396733479827877
1 0 0.0 0 0 0.016874448662333112
1 0 0.0 0 0 0.049782089871356856
0 34 0.19757543174646672 6 7 -0.06238469980389387
1 0 0.0 0 0 -0.012466110511874434
1 0 0.0 0 0 -0.0018045266910656048
0 18 0.47362873115540677 9 12 0.1830296288840521
0 14 3.304277285134323 10 11 0.08347249128370354
1 0 0.0 0 0 0.007608078052775255
1 0 0.0 0 0 0.02547310571526816
0 1 155.274 13 14 0.2521943693653591
1 0 0.0 0 0 0.036585303953530664
1 0 0.0 0 0 0.09014318849552762
tree 1 15
0 14 1.136288832383573 1 8 0.0
0 21 0.15553495951150875 2 5 -0.04332815630987241
0 35 0.1812387939778156 3 4 -0.056356298930391534
1 0 0.0 0 0 -0.011807623263951605
1 0 0.0 0 0 -0.0037331808102931
0 20 0.4338980060207426 6 7 0.12148555678362151
1 0 0.0 0 0 0.01290506611909849
1 0 0.0 0 0 0.045283022829477826
0 18 0.46520888596063764 9 12 0.14395312481795333
0 12 1.7626437275587024 10 11 0.05121201818170733
1 0 0.0 0 0 -0.010125075103548754
1 0 0.0 0 0 0.01105047208375671
0 1 88.007 13 14 0.2084563674493476
1 0 0.0 0 0 0.029384305555478107
1 0 0.0 0 0 0.05679920609596789
tree 2 15
0 14 1.7055341313323866 1 8 0.0
0 0 0.476 2 5 -0.03045224841833023
0 20 0.4338980060207426 3 4 0.12314287762354667
1 0 0.0 0 0 0.013583972686895597
1 0 0.0 0 0 0.04139417245033957
0 0 1.724 6 7 -0.04408909695706879
1 0 0.0 0 0 -0.000991580308799489
1 0 0.0 0 0 -0.009562510417319625
0 18 0.48733111116754263 9 12 0.15016038688698505
0 34 0.2532106182418728 10 11 0.091611792550387
1 0 0.0 0 0 0.025738337089476857
1 0 0.0 0 0 0.007007452458927243
0 11 0.04324026024026982 13 14 0.19298619209647178
1 0 0.0 0 0 0.06038605063361352
1 0 0.0 0 0 0.027809067957911354
tree 3 15
0 11 0.045294310977990526 1 8 0.0
0 0 1.551 2 5 -0.032222135259165605
0 1 122.571 3 4 0.012990963973013383
1 0 0.0 0 0 0.0012004729932445866
1 0 0.0 0 0 0.0634819758163225
0 10 2.777099609375 6 7 -0.05256287916162137
1 0 0.0 0 0 -0.009187018106237895
1 0 0.0 0 0 -0.004485314176942237
0 18 0.493200212039453 9 12 0.104748066635787
0 1 48.558 10 11 0.053910521865173755
1 0 0.0 0 0 0.005807515569820308
1 0 0.0 0 0 0.01972238488171454
0 12 3.603016480513478 13 14 0.1546679468002115
1 0 0.0 0 0 0.02137853797839274
1 0 0.0 0 0 0.03629840308459133
tree 4 15
0 14 1.0660774898176328 1 8 0.0
0 0 0.4 2 5 -0.028685769082254526
0 19 0.5635692542266034 3 4 0.13261349998293476
1 0 0.0 0 0 0.012684627774248692
1 0 0.0 0 0 0.028820302577735088
0 35 0.22794158739010725 6 7 -0.034640656933388775
1 0 0.0 0 0 -0.007620833075091592
1 0 0.0 0 0 -0.001359265655994922
0 18 0.45832154487040677 9 12 0.08932719013528137
0 12 1.8067376766285252 10 11 0.025185826615649477
1 0 0.0 0 0 -0.007841317432006866
1 0 0.0 0 0 0.006633842213450536
0 34 0.23698619393166856 13 14 0.13069710594425712
1 0 0.0 0 0 0.03001725096355349
1 0 0.0 0 0 0.01628578447419941
tree 5 15
0 14 1.8085265439702694 1 8 0.0
0 0 0.523 2 5 -0.018886686806770418
0 21 0.2677185563033161 3 4 0.07285597390880079
1 0 0.0 0 0 0.0064491267838161425
1 0 0.0 0 0 0.024050561533338694
0 25 0.11821903745363714 6 7 -0.029619674325294974
1 0 0.0 0 0 -0.00570165247280686
1 0 0.0 0 0 0.0008071203841930008
0 1 155.274 9 12 0.09862630265080169
0 18 0.5295030409792995 10 11 0.09352585367797385
1 0 0.0 0 0 0.009902404500447179
1 0 0.0 0 0 0.020562004514097655
0 13 3.531486506793754 13 14 0.33379394602085843
1 0 0.0 0 0 0.062227393151260905
1 0 0.0 0 0 0.01954596526526167
tree 6 15
0 14 0.9507599286727894 1 8 0.0
0 22 0.1283037565456375 2 5 -0.022651432423758402
0 37 0.17467731516432494 3 4 -0.02986847439803669
1 0 0.0 0 0 -0.007218726962624345
1 0 0.0 0 0 -0.002710297572632857
0 0 0.371 6 7 0.05164874316039618
1 0 0.0 0 0 0.019111078655634477
1 0 0.0 0 0 0.0044675140093582725
0 18 0.4788947124880511 9 12 0.06232569043186831
0 18 0.2007753765750521 10 11 0.02245655965216944
1 0 0.0 0 0 -0.006850547038021711
1 0 0.0 0 0 0.005355020043189925
0 11 0.027678815461321057 13 14 0.10400743149291282
1 0 0.0 0 0 0.04730328108321447
1 0 0.0 0 0 0.014830434072311098
tree 7 15
0 11 0.040815984527323546 1 8 0.0
0 21 0.15222794847586507 2 5 -0.019378755619405066
0 14 2.0635210740894463 3 4 -0.023732601035266483
1 0 0.0 0 0 -0.003804050635449676
1 0 0.0 0 0 0.020795613299450035
0 10 1.25885009765625 6 7 0.05168423135594471
1 0 0.0 0 0 -0.002470017029771234
1 0 0.0 0 0 0.016462076140832605
0 18 0.5056521170784242 9 12 0.054412747126052576
0 1 58.247 10 11 0.029014317418879196
1 0 0.0 0 0 0.0030613240193321516
1 0 0.0 0 0 0.015088882067317066
0 12 3.6287671595240387 13 14 0.08727571074690677
1 0 0.0 0 0 0.011640247975900173
1 0 0.0 0 0 0.023456380628988523
tree 8 15
0 14 2.0635210740894463 1 8 0.0
0 0 0.847 2 5 -0.011539549779172343
0 14 0.43046810296407706 3 4 0.030928606304914695
1 0 0.0 0 0 -0.0011701408845400678
1 0 0.0 0 0 0.008680025021758405
0 27 0.10382757942112951 6 7 -0.022093283808843015
1 0 0.0 0 0 -0.004261507856451673
1 0 0.0 0 0 9.325497311545085e-05
0 34 0.17959304582278174 9 12 0.0680491413729146
0 1 122.571 10 11 0.1289793030411213
1 0 0.0 0 0 0.016891082141288146
1 0 0.0 0 0 0.039455845571726995
0 18 0.5476614584159036 13 14 0.048232137920041586
1 0 0.0 0 0 0.003051323380560272
1 0 0.0 0 0 0.014294941009357267
tree 9 15
0 14 0.7690810343140699 1 8 0.0
0 34 0.3968865099267195 2 5 -0.01672033895015507
0 38 0.22763385175145248 3 4 -0.022496905545651397
1 0 0.0 0 0 -0.005578632177252258
1 0 0.0 0 0 -0.002157536627051584
0 10 1.087188720703125 6 7 0.022707615236798803
1 0 0.0 0 0 -0.009357659776595565
1 0 0.0 0 0 0.004725615772999239
0 18 0.45229231437251566 9 12 0.03530486636339328
0 11 0.09085803544895826 10 11 0.0024009320356930307
1 0 0.0 0 0 -0.00108842363282075
1 0 0.0 0 0 0.010041245808322333
0 34 0.4023582756241742 13 14 0.06284769134720906
1 0 0.0 0 0 0.015254389954567281
1 0 0.0 0 0 0.005526758590279461
tree 10 15
0 14 0.7690810343140699 1 8 0.0
0 22 0.1922307038869211 2 5 -0.014212595552711154
0 3 26.393417358398438 3 4 -0.016517300389691302
1 0 0.0 0 0 -0.0028356609902394194
1 0 0.0 0 0 0.004796030748189724
0 20 0.5216473239252039 6 7 0.06287300678290293
1 0 0.0 0 0 0.008178319072959617
1 0 0.0 0 0 0.027321684758154382
0 18 0.45229231437251566 9 12 0.03001069586170901
0 11 0.10405947286716931 10 11 0.0020418225675779052
1 0 0.0 0 0 -0.0007871486800952118
1 0 0.0 0 0 0.009936927475074148
0 34 0.2707379988089188 13 14 0.053422539908037504
1 0 0.0 0 0 0.015146358501703169
1 0 0.0 0 0 0.005494596250419188
tree 11 15
0 11 0.028586879582355847 1 8 0.0
0 21 0.29020249329362724 2 5 -0.013818371612164272
0 14 2.494734436354953 3 4 -0.014774500923535232
1 0 0.0 0 0 -0.002297194402056244
1 0 0.0 0 0 0.026785066433915487
0 10 1.087188720703125 6 7 0.12157266153304988
1 0 0.0 0 0 -0.006959497164643834
1 0 0.0 0 0 0.023801988611784144
0 12 3.531385317731194 9 12 0.02329457793953888
0 1 42.614 10 11 0.017394775764094324
1 0 0.0 0 0 0.001033950885302551
1 0 0.0 0 0 0.008028301670932643
0 10 1.247406005859375 13 14 0.09798181056916923
1 0 0.0 0 0 0.005264856682405937
1 0 0.0 0 0 0.018698292842246632
tree 12 15
0 0 1.836 1 8 0.0
0 20 0.3820539337946362 2 5 0.015340104091526384
0 1 43.035 3 4 0.010943728974584175
1 0 0.0 0 0 0.00046020674907905503
1 0 0.0 0 0 0.006560430329000652
0 10 1.201629638671875 6 7 0.0834626824195875
1 0 0.0 0 0 0.0021456389350837457
1 0 0.0 0 0 0.017775945089174364
0 14 3.443561152037938 9 12 -0.016453105176957864
0 10 2.777099609375 10 11 -0.017887076322408078
1 0 0.0 0 0 -0.003494436582868399
1 0 0.0 0 0 -0.0004279081049573072
0 1 105.465 13 14 0.11930642872550416
1 0 0.0 0 0 0.015338890541957306
1 0 0.0 0 0 0.03276275486176357
tree 13 15
0 14 0.6556612024071095 1 8 0.0
0 37 0.29082209792864444 2 5 -0.010647292543499491
0 25 -0.07352294088400838 3 4 -0.021593103201446338
1 0 0.0 0 0 0.006274301977453952
1 0 0.0 0 0 -0.003354377307588243
0 3 28.41144561767578 6 7 -0.0009352188136277365
1 0 0.0 0 0 -0.00039700575612773684
1 0 0.0 0 0 0.010800854704668177
0 18 0.512224222467208 9 12 0.017953912746148142
0 1 122.571 10 11 0.004296014471348366
1 0 0.0 0 0 0.0002762506278173582
1 0 0.0 0 0 0.01759447491112444
0 11 0.018389015849655684 13 14 0.04804582260299797
1 0 0.0 0 0 0.03988063257496359
1 0 0.0 0 0 0.006764082395833131
tree 14 15
0 20 0.3522750844519443 1 8 0.0
0 14 2.9215562501040186 2 5 -0.002591140351041349
0 26 0.20915170077137527 3 4 -0.006828859356688147
1 0 0.0 0 0 -0.0013897548105253172
1 0 0.0 0 0 0.0038233796881486917
0 33 0.33059156384836824 6 7 0.03153075365603257
1 0 0.0 0 0 0.012546411137548138
1 0 0.0 0 0 0.002114687673544849
0 10 0.865936279296875 9 12 0.057660996666100695
0 14 0.6556612024071095 10 11 -0.053699714549578156
1 0 0.0 0 0 -0.010429248507127582
1 0 0.0 0 0 0.00848557168537809
0 3 28.743980407714844 13 14 0.07693503969354705
1 0 0.0 0 0 0.010146585207147094
1 0 0.0 0 0 0.027070883049320052
tree 15 15
0 0 1.848 1 8 0.0
0 19 0.6344599571177447 2 5 0.01044221626434012
0 1 48.558 3 4 0.008927068858158629
1 0 0.0 0 0 0.000629410368229994
1 0 0.0 0 0 0.005629958908253422
0 1 14.411 6 7 0.10951239927277137
1 0 0.0 0 0 0.003920398074457326
1 0 0.0 0 0 0.018517116892490276
0 14 3.443561152037938 9 12 -0.011379714991796143
0 0 5.199 10 11 -0.012400040749238013
1 0 0.0 0 0 -0.0012648630718795862
1 0 0.0 0 0 -0.004186016523454055
0 33 0.16758054377082135 13 14 0.08739539344297273
1 0 0.0 0 0 0.016024811277598836
1 0 0.0 0 0 0.0009104171194944922
tree 16 15
0 20 0.29963451335262936 1 8 0.0
0 10 2.613067626953125 2 5 -0.002659860029973558
0 1 122.571 3 4 -0.011174655367073131
1 0 0.0 0 0 -0.00181993234718039
1 0 0.0 0 0 0.016216254210803527
0 14 6.324695043688051 6 7 0.009109812086148621
1 0 0.0 0 0 0.0009794364748301788
1 0 0.0 0 0 0.0072487799216524075
0 10 1.247406005859375 9 12 0.03734760062237323
0 1 37.537 10 11 -0.010010031234285524
1 0 0.0 0 0 -0.0025509883606420424
1 0 0.0 0 0 0.033705619090980646
0 10 1.5411376953125 13 14 0.06369655489193744
1 0 0.0 0 0 0.01862903414741311
1 0 0.0 0 0 0.005424690498444281
tree 17 15
0 11 0.023586697243633582 1 8 0.0
0 13 0.15297752456187202 2 5 -0.008220121098453366
0 12 2.8012269960471836 3 4 -0.02225568059658768
1 0 0.0 0 0 -0.0026154080748976324
1 0 0.0 0 0 -0.006796952861710983
0 20 0.3335112172280674 6 7 -0.004327747705301373
1 0 0.0 0 0 -0.0008596406317533145
1 0 0.0 0 0 0.01191490225240849
0 18 0.21479486998097078 9 12 0.010183835493325868
0 2 1.996166950327043 10 11 -0.02714871856968438
1 0 0.0 0 0 0.01266456346809342
1 0 0.0 0 0 -0.0045816155962641525
0 1 155.274 13 14 0.01315585469010406
1 0 0.0 0 0 0.001864547458047669
1 0 0.0 0 0 0.020538432610227718
tree 18 15
0 21 0.25863422915556866 1 8 0.0
0 10 2.613067626953125 2 5 -0.001571114465345694
0 3 28.41144561767578 3 4 -0.007960958821533274
1 0 0.0 0 0 -0.0013665919014281972
1 0 0.0 0 0 0.0142121100426706
0 0 2.325 6 7 0.0075242745277764745
1 0 0.0 0 0 0.0019942757879828775
1 0 0.0 0 0 -0.0009940882924924718
0 10 1.087188720703125 9 12 0.043135420624017665
0 1 11.884 10 11 -0.023384970792153098
1 0 0.0 0 0 -0.010547631322245659
1 0 0.0 0 0 0.0006263335879998368
0 35 0.6975970362530428 13 14 0.05152119607435446
1 0 0.0 0 0 0.011213657504211867
1 0 0.0 0 0 0.0046771847625196915
tree 19 15
0 14 0.5609907484760753 1 8 0.0
0 5 0.09517971975772639 2 5 -0.006343428084744099
0 41 0.35571257916920235 3 4 -0.008736059203786603
1 0 0.0 0 0 -0.0027363498786559123
1 0 0.0 0 0 -0.0007023535224429392
0 5 0.17982178503412466 6 7 0.0188755354231675
1 0 0.0 0 0 0.0018082786720198794
1 0 0.0 0 0 0.007509707331676765
0 12 3.150801371128641 9 12 0.008376757619025704
0 34 0.2751521142180421 10 11 0.003237887110827668
1 0 0.0 0 0 0.00208760081147788
1 0 0.0 0 0 -0.0010721307964876034
0 35 0.5198684039468738 13 14 0.04041855276883908
1 0 0.0 0 0 0.01285599617692998
1 0 0.0 0 0 0.0015969217270951676
tree 20 15
0 14 4.260091073751871 1 8 0.0
0 3 26.766189575195312 2 5 -0.0019305144417357087
0 10 1.331329345703125 3 4 -0.0036506964564346957
1 0 0.0 0 0 -0.002501682761528863
1 0 0.0 0 0 -0.00010155087703640861
0 10 1.9683837890625 6 7 0.027422496083090664
1 0 0.0 0 0 0.014559115589496255
1 0 0.0 0 0 0.0019903425050090406
0 18 0.579679911098309 9 12 0.024055133166995098
0 33 0.35086042716542815 10 11 0.011564322696993912
1 0 0.0 0 0 0.008822670096033864
1 0 0.0 0 0 -0.0017201467041628477
0 10 3.536224365234375 13 14 0.07259622129629506
1 0 0.0 0 0 0.012366001725981454
1 0 0.0 0 0 0.004441390230477897
tree 21 15
0 21 0.3383624570668663 1 8 0.0
0 1 155.274 2 5 -0.0007041893218945791
0 10 1.331329345703125 3 4 -0.0011167544497873408
1 0 0.0 0 0 -0.0021833294809126165
1 0 0.0 0 0 0.0002369224455120648
0 39 0.2187345947148579 6 7 0.10264197082254764
1 0 0.0 0 0 0.02376310956295066
1 0 0.0 0 0 -0.009124069728422909
0 1 19.451 9 12 0.059579801524557004
0 30 0.985239575213506 10 11 0.03075355457534713
1 0 0.0 0 0 0.006452356339018129
1 0 0.0 0 0 -0.0038577923030396434
0 12 3.864539267046629 13 14 0.08320777602697414
1 0 0.0 0 0 0.009316102432647973
1 0 0.0 0 0 0.020351913429096067
tree 22 15
0 0 2.367 1 8 0.0
0 2 2.041188846564735 2 5 0.0042353165804583275
0 3 22.66919708251953 3 4 0.041017845610146764
1 0 0.0 0 0 0.0036266398919896216
1 0 0.0 0 0 0.014453560993830468
0 14 0.46545825557265025 6 7 0.002914418660074592
1 0 0.0 0 0 -0.0008680339034105612
1 0 0.0 0 0 0.001319573920496698
0 14 3.589024123279132 9 12 -0.009091382997724641
0 14 1.3672189426927335 10 11 -0.010077392746172325
1 0 0.0 0 0 -0.0013335823482769065
1 0 0.0 0 0 -0.00692605914066866
0 17 0.6414579534099625 13 14 0.06478865910274532
1 0 0.0 0 0 0.004905724363024568
1 0 0.0 0 0 0.014569242673829516
tree 23 15
0 12 3.383177710386008 1 8 0.0
0 25 0.3113769342942431 2 5 -0.001567314529538163
0 14 6.62721192895762 3 4 -0.002583572554386384
1 0 0.0 0 0 -0.0005580978292049778
1 0 0.0 0 0 0.003954549628741828
0 18 0.536797119625222 6 7 0.040057306085249544
1 0 0.0 0 0 0.007299829353001723
1 0 0.0 0 0 -0.0014716410931298295
0 10 0.865936279296875 9 12 0.022018421251282137
0 22 0.1922307038869211 10 11 -0.04195195327252615
1 0 0.0 0 0 -0.008989922792330107
1 0 0.0 0 0 -0.0010458371429287302
0 36 0.6512141300231347 13 14 0.0316559752623652
1 0 0.0 0 0 0.007856896780157469
1 0 0.0 0 0 -0.0007491133512259413
tree 24 15
0 1 94.676 1 8 0.0
0 3 26.278297424316406 2 5 -0.000677172583049134
0 10 2.613067626953125 3 4 -0.002256083722541443
1 0 0.0 0 0 -0.0009714395218687243
1 0 0.0 0 0 0.0006688323825447488
0 10 1.5411376953125 6 7 0.01968492744839003
1 0 0.0 0 0 0.010756200014536399
1 0 0.0 0 0 0.0017739282423222366
0 41 0.2869930613394059 9 12 0.04273348606467171
0 38 0.4216712147495758 10 11 0.10579181157270186
1 0 0.0 0 0 0.019622369592442946
1 0 0.0 0 0 -0.007252664760744664
0 17 0.8388070925889208 13 14 -0.016991263290656738
1 0 0.0 0 0 -0.00439886093941539
1 0 0.0 0 0 0.015842752321623264
tree 25 15
0 21 0.25863422915556866 1 8 0.0
0 2 2.276595246602785 2 5 -0.0009716548796514596
0 13 0.13223765689293338 3 4 0.01121696825967881
1 0 0.0 0 0 -0.0018297599067976986
1 0 0.0 0 0 0.003054140276411395
0 34 0.48475155239564055 6 7 -0.0033386194054796543
1 0 0.0 0 0 -0.00010327936331478089
1 0 0.0 0 0 -0.0025328819722505976
0 10 1.300811767578125 9 12 0.026679057340365436
0 1 20.056 10 11 0.0014035646868058283
1 0 0.0 0 0 -0.0023595323999940705
1 0 0.0 0 0 0.007811747961621842
0 11 0.04261672218181885 13 14 0.038293524630469325
1 0 0.0 0 0 0.010525429989909007
1 0 0.0 0 0 0.004004010343654996
tree 26 15
0 0 4.065 1 8 0.0
0 1 43.035 2 5 0.001898704663455791
0 3 28.743980407714844 3 4 -0.0003998271455460392
1 0 0.0 0 0 -0.00019882703170996086
1 0 0.0 0 0 0.006762832087438386
0 19 0.3728609440647585 6 7 0.013639403162433283
1 0 0.0 0 0 0.0008304387700487152
1 0 0.0 0 0 0.012346648960757581
0 14 3.166753259032752 9 12 -0.013205158491756514
0 14 1.8085265439702694 10 11 -0.014837135696179629
1 0 0.0 0 0 -0.001985788678003383
1 0 0.0 0 0 -0.011819165253664476
0 40 0.20345373333284236 13 14 0.05582265257239775
1 0 0.0 0 0 0.013374800951536392
1 0 0.0 0 0 0.006094666549470275
tree 27 15
0 25 0.3804999740336492 1 8 0.0
0 11 0.16524795482853002 2 5 -0.0005194615697034173
0 1 122.571 3 4 -0.0012150165077401854
1 0 0.0 0 0 -0.00024368016880022114
1 0 0.0 0 0 0.007638617631960493
0 18 0.5859353688423824 6 7 0.028513613810064484
1 0 0.0 0 0 0.0023927727487723953
1 0 0.0 0 0 0.00956205182856138
0 18 0.4788947124880511 9 12 0.043935741158573384
0 24 0.502566785598364 10 11 0.05859279351234219
1 0 0.0 0 0 0.006734040010936516
1 0 0.0 0 0 0.013593539904337376
0 19 0.4319059624057775 13 14 0.005827586658788511
1 0 0.0 0 0 0.0031656631238244394
1 0 0.0 0 0 -0.005488434231945295
tree 28 15
0 2 2.2023282247560867 1 8 0.0
0 13 0.09976331311026079 2 5 0.013133419814753213
0 14 0.6153179997424917 3 4 -0.015191666068658415
1 0 0.0 0 0 -0.002843342981028376
1 0 0.0 0 0 0.007210740587233666
0 0 1.141 6 7 0.021409157530318804
1 0 0.0 0 0 0.0058075360755961624
1 0 0.0 0 0 0.0009877767736229512
0 20 0.3522750844519443 9 12 -0.0016159489109832345
0 1 60.335 10 11 -0.002637359698868473
1 0 0.0 0 0 -0.0005972507817787806
1 0 0.0 0 0 0.0020168233874697044
0 13 0.16117102674919126 13 14 0.022288549485531682
1 0 0.0 0 0 -0.005635702401417049
1 0 0.0 0 0 0.004393817411307395
tree 29 15
0 9 2.5 1 8 0.0
0 26 -0.050974534037203804 2 5 -0.0022273932615156067
0 10 1.5411376953125 3 4 0.05477734083386505
1 0 0.0 0 0 0.015593269463422248
1 0 0.0 0 0 0.002672378911186105
0 20 0.5216473239252039 6 7 -0.0027151087621652896
1 0 0.0 0 0 -0.00045813688520026594
1 0 0.0 0 0 0.009902578081521835
0 5 0.011811047359384192 9 12 0.008557722083733413
0 6 12.0 10 11 0.1151801294158891
1 0 0.0 0 0 0.02790803389721795
1 0 0.0 0 0 0.004016490794341773
0 10 3.65447998046875 13 14 0.007654107377057776
1 0 0.0 0 0 0.001434934635125994
1 0 0.0 0 0 -0.004221481406364331
tree 30 15
0 10 1.277923583984375 1 8 0.0
0 12 3.864539267046629 2 5 -0.011950023232123094
0 31 0.9031176194364339 3 4 -0.012723075187066701
1 0 0.0 0 0 -0.0014557751915540292
1 0 0.0 0 0 -0.005122360427823208
0 1 16.379 6 7 0.052465802543461726
1 0 0.0 0 0 0.0011506642287536014
1 0 0.0 0 0 0.01439712847619908
0 12 3.3669608058067375 9 12 0.001556048632864969
0 26 0.2887786995920219 10 11 0.000183270307671426
1 0 0.0 0 0 -0.00010130238730071193
1 0 0.0 0 0 0.004160298233806918
0 35 0.4114975217831033 13 14 0.027712205437915777
1 0 0.0 0 0 0.012086245190621184
1 0 0.0 0 0 0.0015678238814051642
tree 31 15
0 0 5.199 1 8 0.0
0 10 3.8299560546875 2 5 0.0013069788934160515
0 10 1.300811767578125 3 4 0.0017085594371364953
1 0 0.0 0 0 -0.0013442421564846185
1 0 0.0 0 0 0.0005179979891992091
0 34 0.5453055581471714 6 7 -0.04438293759752057
1 0 0.0 0 0 -0.0036643514141082535
1 0 0.0 0 0 -0.012581756719737314
0 14 3.589024123279132 9 12 -0.011985717758161112
0 14 1.3336056728031402 10 11 -0.01303232826946719
1 0 0.0 0 0 -0.0015349743145369576
1 0 0.0 0 0 -0.007130707360370983
0 11 0.12213429295741494 13 14 0.05252658818743282
1 0 0.0 0 0 0.0110652095001495
1 0 0.0 0 0 0.004234458660163606
tree 32 15
0 2 2.298980902466528 1 8 0.0
0 40 0.36205378344024597 2 5 0.008323934317078875
0 18 0.4990474919424713 3 4 -0.012739475531711498
1 0 0.0 0 0 -0.0007799483203018648
1 0 0.0 0 0 -0.004485781643285664
0 3 25.38092803955078 6 7 0.013687958940603756
1 0 0.0 0 0 0.0015772158263226972
1 0 0.0 0 0 0.007163662253319095
0 1 42.614 9 12 -0.001877415304592878
0 10 3.65447998046875 10 11 -0.004296190831006169
1 0 0.0 0 0 -0.0005261958262670623
1 0 0.0 0 0 -0.005444673684136338
0 19 0.35450204556915044 13 14 0.0068847281932013634
1 0 0.0 0 0 6.7597078046341e-05
1 0 0.0 0 0 0.008940972155500618
tree 33 15
0 24 0.41446473342981177 1 8 0.0
0 13 5.263409195081109 2 5 -0.0003228918362447575
0 1 94.676 3 4 0.0002655979320088338
1 0 0.0 0 0 -5.7574421510121635e-05
1 0 0.0 0 0 0.008223429537714794
0 1 46.895 6 7 -0.02680237836568802
1 0 0.0 0 0 0.0007610473287822276
1 0 0.0 0 0 -0.005937941576254461
0 18 0.4760793855361191 9 12 0.04110662871434617
0 22 0.3912715821001879 10 11 0.05807467807936782
1 0 0.0 0 0 0.007361036261082282
1 0 0.0 0 0 0.013407951753641316
0 42 1.2725806637601966 13 14 0.007341011313893565
1 0 0.0 0 0 0.004730815761373378
1 0 0.0 0 0 -0.0005894441817266246
tree 34 15
0 11 0.16524795482853002 1 8 0.0
0 2 2.365468663508187 2 5 -0.0005464931201736711
0 3 24.859397888183594 3 4 0.00561233464155901
1 0 0.0 0 0 0.00046328812594128953
1 0 0.0 0 0 0.004950186282721608
0 34 0.5522540453348359 6 7 -0.0026464471655012383
1 0 0.0 0 0 -5.3355004325304614e-05
1 0 0.0 0 0 -0.002460637985498279
0 12 3.0666508417280247 9 12 0.02278314814169891
0 33 0.6444025650010058 10 11 0.013853118638495676
1 0 0.0 0 0 0.004198366065586217
1 0 0.0 0 0 -0.0009266087252602845
0 2 2.6846872170922507 13 14 0.056498557226965604
1 0 0.0 0 0 0.012063914554193617
1 0 0.0 0 0 0.005753854090874353
tree 35 15
0 21 0.3383624570668663 1 8 0.0
0 9 2.5 2 5 -0.0003858047699387985
0 26 -0.03737056173983271 3 4 -0.0022449808677494744
1 0 0.0 0 0 0.005277590643054598
1 0 0.0 0 0 -0.00041067071790961936
0 5 0.012050445129386305 6 7 0.00668253921814597
1 0 0.0 0 0 0.013603676731105555
1 0 0.0 0 0 0.000887683931820215
0 1 24.03 9 12 0.03262228944528492
0 0 0.302 10 11 0.01847372361679159
1 0 0.0 0 0 0.0056885922989840755
1 0 0.0 0 0 -0.0004684767574545324
0 6 14.317821063276353 13 14 0.059038436475522246
1 0 0.0 0 0 0.0054233680955935205
1 0 0.0 0 0 0.016047075713644377
tree 36 15
0 28 0.23075894457055804 1 8 0.0
0 19 0.20486269059020243 2 5 -0.0007077734077813248
0 42 1.640908962656572 3 4 -0.003517051741765872
1 0 0.0 0 0 -1.5302332470786867e-05
1 0 0.0 0 0 -0.0012673523754428411
0 1 38.957 6 7 0.00443856256363413
1 0 0.0 0 0 -0.00028803501345163343
1 0 0.0 0 0 0.0033990303297624118
0 18 0.5192247491131011 9 12 0.01577070465426257
0 24 0.3694621864514731 10 11 0.02400738997497141
1 0 0.0 0 0 0.0030628306732334706
1 0 0.0 0 0 0.008299148982953725
0 5 0.0351139272934577 13 14 -0.011265935176112503
1 0 0.0 0 0 0.004883624357957159
1 0 0.0 0 0 -0.002627530939206257
tree 37 13
0 10 3.8299560546875 1 8 0.0
0 10 3.208160400390625 2 5 0.0002907509558259233
0 26 -0.03737056173983271 3 4 -0.0009193377325737234
1 0 0.0 0 0 0.004757788177544736
1 0 0.0 0 0 -0.000193807886479677
0 1 49.081 6 7 0.009483704310230162
1 0 0.0 0 0 0.0007654370880155418
1 0 0.0 0 0 0.00807583848453161
0 18 0.6621384776166243 9 12 -0.03633348847573708
0 11 0.04019734283432589 10 11 -0.04400345756541702
1 0 0.0 0 0 -0.0027915093944970706
1 0 0.0 0 0 -0.01470936291343741
1 0 0.0 0 0 0.004946957067388305
tree 38 15
0 12 3.531385317731194 1 8 0.0
0 33 0.6003348759621978 2 5 -0.0006399385898880579
0 14 2.3045404838055323 3 4 0.0006334933263078649
1 0 0.0 0 0 -0.0001300292672913961
1 0 0.0 0 0 0.002320297343569421
0 17 0.7551289295430469 6 7 -0.012293360361357074
1 0 0.0 0 0 0.00328201148296091
1 0 0.0 0 0 -0.00311284986534982
0 35 0.7255719411156603 9 12 0.01573681461545554
0 10 1.140594482421875 10 11 0.02631415626364195
1 0 0.0 0 0 -0.00198429134823438
1 0 0.0 0 0 0.006565144575132281
0 22 0.24435621913848796 13 14 -0.014598154085104283
1 0 0.0 0 0 -0.008075283902789518
1 0 0.0 0 0 0.0010070252519346836
tree 39 15
0 13 4.1289289655528885 1 8 0.0
0 1 83.067 2 5 0.0006294506311550481
0 3 28.743980407714844 3 4 -8.521116354197926e-05
1 0 0.0 0 0 -9.164646790113354e-05
1 0 0.0 0 0 0.004676582071121267
0 12 2.5468373324674793 6 7 0.04402414780879149
1 0 0.0 0 0 -0.0002283191061167526
1 0 0.0 0 0 0.012992037535768072
0 1 49.081 9 12 -0.015362439470065319
0 42 1.6598576931609594 10 11 0.006873728278984497
1 0 0.0 0 0 0.0037192865844887873
1 0 0.0 0 0 -0.0009473623496130876
0 0 1.694 13 14 -0.03216642259842596
1 0 0.0 0 0 -0.006698012457346139
1 0 0.0 0 0 -0.001701048547699911
tree 40 15
0 9 3.5 1 8 0.0
0 4 56.12223360168933 2 5 -0.0008154184115353472
0 1 60.335 3 4 -0.0001566412476064309
1 0 0.0 0 0 -0.00017545896405470716
1 0 0.0 0 0 0.0024678315797849724
0 23 0.25914142534545676 6 7 -0.015072866311538822
1 0 0.0 0 0 -0.0033437385476184083
1 0 0.0 0 0 0.0017814605996095917
0 10 3.65447998046875 9 12 0.011436306488394436
0 19 0.1986507115949765 10 11 0.013806030352457742
1 0 0.0 0 0 0.001105128815693258
1 0 0.0 0 0 0.004379432297575292
0 33 0.6234602682339896 13 14 -0.022724839828814226
1 0 0.0 0 0 -0.0011511521186080894
1 0 0.0 0 0 -0.013214596468606033
tree 41 15
0 25 0.21398266127201768 1 8 0.0
0 20 0.2878153382743233 2 5 -0.0008007182368173297
0 33 0.4923835378084244 3 4 -0.0017964208163494524
1 0 0.0 0 0 -1.0675040745838283e-05
1 0 0.0 0 0 -0.0020748250321542087
0 10 1.300811767578125 6 7 0.011928354494909216
1 0 0.0 0 0 -0.00147315264533868
1 0 0.0 0 0 0.003804862067892269
0 18 0.5659352151626559 9 12 0.01123325116349887
0 42 1.7207410943928014 10 11 0.0183945309244455
1 0 0.0 0 0 0.003281572652112339
1 0 0.0 0 0 -0.00221688238963042
0 14 3.304277285134323 13 14 -0.01937471364348312
1 0 0.0 0 0 -0.0040676461436254035
1 0 0.0 0 0 0.006871690968509938
tree 42 15
0 2 2.139305063776612 1 8 0.0
0 13 0.09976331311026079 2 5 0.010381198903244635
0 14 0.6022875438160699 3 4 -0.011229268148462817
1 0 0.0 0 0 -0.0022477474193684658
1 0 0.0 0 0 0.007692689552523886
0 0 1.09 6 7 0.01745177784842718
1 0 0.0 0 0 0.005357589144510895
1 0 0.0 0 0 0.000496584668964349
0 21 0.4112451588700772 9 12 -0.0008344744212526562
0 34 0.5744464272702362 10 11 -0.0010331302811435925
1 0 0.0 0 0 5.2389639794822e-05
1 0 0.0 0 0 -0.0014223392729768444
0 6 13.601470508735444 13 14 0.04678385849866461
1 0 0.0 0 0 0.0031743629625518373
1 0 0.0 0 0 0.0097885966158091
tree 43 15
0 11 0.1881824725841552 1 8 0.0
0 9 1.5 2 5 -0.0003169928001287266
0 27 -0.025184067169484806 3 4 -0.002967551148309193
1 0 0.0 0 0 0.004182418014281991
1 0 0.0 0 0 -0.0005295817857623543
0 5 0.008395248941095914 6 7 0.002709792292898941
1 0 0.0 0 0 0.011328545360150538
1 0 0.0 0 0 0.00026982678874147174
0 35 0.6155258042702566 9 12 0.026744594048871043
0 18 0.2857504444427659 10 11 0.016167600257805798
1 0 0.0 0 0 -0.0038590284960810096
1 0 0.0 0 0 0.0035295734663562542
0 25 0.1276436036440196 13 14 0.06027882220933714
1 0 0.0 0 0 0.011178008327635111
1 0 0.0 0 0 0.005603449195835062
tree 44 15
0 18 0.24663604124231064 1 8 0.0
0 14 1.3672189426927335 2 5 -0.008655982855597913
0 0 3.026 3 4 -0.005489275469962869
1 0 0.0 0 0 0.0034014168475688983
1 0 0.0 0 0 -0.0010444377510093474
0 1 60.335 6 7 -0.02701311390010277
1 0 0.0 0 0 -0.005380365042824661
1 0 0.0 0 0 -0.00035286463730073523
0 14 0.6414419090022004 9 12 0.0009016352571838717
0 28 0.10308331840874796 10 11 -0.001558319148142966
1 0 0.0 0 0 -0.0005627779446942302
1 0 0.0 0 0 0.0008047466412638805
0 34 0.17031313805842874 13 14 0.005087087950286006
1 0 0.0 0 0 0.004529319627790838
1 0 0.0 0 0 -0.000381434865432934
tree 45 15
0 21 0.1303678724340545 1 8 0.0
0 33 0.4853602963622075 2 5 -0.001172961320659691
0 14 2.0635210740894463 3 4 0.0003134228033965276
1 0 0.0 0 0 -0.00014869596385157788
1 0 0.0 0 0 0.002349975377463505
0 17 0.7317795384907844 6 7 -0.01667150160400048
1 0 0.0 0 0 0.0031697480703280064
1 0 0.0 0 0 -0.003324157287273254
0 35 0.5198684039468738 9 12 0.006921515454920613
0 14 0.325162465512453 10 11 0.021854651230954536
1 0 0.0 0 0 -0.0020200869867932933
1 0 0.0 0 0 0.006494111730842067
0 17 0.7637057478621291 13 14 -0.000309294072292589
1 0 0.0 0 0 0.003195193630060209
1 0 0.0 0 0 -0.001032858757567325
tree 46 15
0 2 2.407014742596355 1 8 0.0
0 39 0.3346423945124189 2 5 0.004362533110687645
0 12 2.771131075830392 3 4 -0.006768786376933849
1 0 0.0 0 0 -0.00044506924352325747
1 0 0.0 0 0 -0.00242497434456013
0 3 15.517036437988281 6 7 0.008094509036416982
1 0 0.0 0 0 2.2295508426876452e-05
1 0 0.0 0 0 0.0021184571608127006
0 34 0.4528100822939253 9 12 -0.001850252295903468
0 21 0.15553495951150875 10 11 0.0004661423832214915
1 0 0.0 0 0 -7.450573727378097e-05
1 0 0.0 0 0 0.009831682086527183
0 22 0.10043921879458095 13 14 -0.011166474542724835
1 0 0.0 0 0 -0.004078908432695383
1 0 0.0 0 0 -0.0007768519543032512
tree 47 15
0 22 0.29233361220990745 1 8 0.0
0 13 4.1289289655528885 2 5 -0.000347329047774788
0 1 105.465 3 4 0.00024254322199842335
1 0 0.0 0 0 -1.9309549317429872e-05
1 0 0.0 0 0 0.006964861421845723
0 1 51.535 6 7 -0.015542398467133135
1 0 0.0 0 0 0.0002764045122235179
1 0 0.0 0 0 -0.004385735081378385
0 18 0.46520888596063764 9 12 0.021859913878374163
0 21 0.30437918844515444 10 11 0.04703313830446566
1 0 0.0 0 0 0.0060062443367108545
1 0 0.0 0 0 0.011726572200161767
0 20 0.48064812506691557 13 14 0.011398380976702914
1 0 0.0 0 0 -0.0008695460208684835
1 0 0.0 0 0 0.005292158085364423
tree 48 15
0 11 0.16524795482853002 1 8 0.0
0 30 0.9286196541940921 2 5 -0.00042109590133479106
0 19 0.18998893973015926 3 4 0.0029428501137350512
1 0 0.0 0 0 -6.325150996393888e-05
1 0 0.0 0 0 0.0017523653611751066
0 34 0.6682180410177182 6 7 -0.0024824615639983043
1 0 0.0 0 0 -0.00019389360447962634
1 0 0.0 0 0 -0.0018033086327910563
0 35 0.48737493848475205 9 12 0.01753148574875567
0 42 1.5927199979377427 10 11 0.0063867706782022365
1 0 0.0 0 0 0.0038285038865551423
1 0 0.0 0 0 -0.0010789936160583956
0 31 0.793271261328986 13 14 0.039475356779934995
1 0 0.0 0 0 0.002659351228613689
1 0 0.0 0 0 0.00782981820262845
tree 49 15
0 10 2.399444580078125 1 8 0.0
0 27 -0.025184067169484806 2 5 -0.00274356498248059
0 0 0.377 3 4 0.03701001584664838
1 0 0.0 0 0 0.018186509181660683
1 0 0.0 0 0 0.0030381432408152697
0 3 29.777542114257812 6 7 -0.0032967965176037314
1 0 0.0 0 0 -0.000539085053618865
1 0 0.0 0 0 0.006369325141233668
0 10 2.410888671875 9 12 0.002640795425208208
0 18 0.5404438817112948 10 11 0.0365295428606663
1 0 0.0 0 0 0.0016236298623443983
1 0 0.0 0 0 0.010519856122729791
0 10 3.65447998046875 13 14 0.0019917899524385827
1 0 0.0 0 0 0.0004330689083300002
1 0 0.0 0 0 -0.002555818033022794
tree 50 15
0 10 1.277923583984375 1 8 0.0
0 34 0.1766117400170829 2 5 -0.006964522074163211
0 11 0.058526052810728944 3 4 -0.0006919366821609054
1 0 0.0 0 0 -0.00023451491845677156
1 0 0.0 0 0 0.004315407108088289
0 10 1.163482666015625 6 7 -0.01483044310770558
1 0 0.0 0 0 -0.0007621030811088288
1 0 0.0 0 0 -0.00414668555424512
0 20 0.2570201275221125 9 12 0.0009064740938434544
0 25 0.20390253188654103 10 11 -4.75591637758652e-05
1 0 0.0 0 0 -0.0001503312543174875
1 0 0.0 0 0 0.0016962750871811027
0 10 1.64794921875 13 14 0.012946916029327085
1 0 0.0 0 0 0.008086716290878003
1 0 0.0 0 0 0.00012050893605316774
tree 51 15
0 13 4.1289289655528885 1 8 0.0
0 1 60.335 2 5 0.00047955001323450873
0 40 0.23863992096552186 3 4 -0.00042181647465301144
1 0 0.0 0 0 -0.0009008929964728171
1 0 0.0 0 0 0.00015977487639866737
0 12 2.879921540650809 6 7 0.016769167086930818
1 0 0.0 0 0 0.0010605058556748179
1 0 0.0 0 0 0.010000081609878517
0 1 71.496 9 12 -0.011699010343169683
0 42 1.6598576931609594 10 11 -0.0024136435894394656
1 0 0.0 0 0 0.002510237605274342
1 0 0.0 0 0 -0.0013709309373550734
0 18 0.522300465785578 13 14 -0.03426519141478909
1 0 0.0 0 0 -0.0065646896862237274
1 0 0.0 0 0 0.0020428707568015876
tree 52 13
0 10 3.8299560546875 1 8 0.0
0 10 3.208160400390625 2 5 0.00021346107684756916
0 13 3.002547497732251 3 4 -0.0006810726933866676
1 0 0.0 0 0 6.7882629646661e-06
1 0 0.0 0 0 -0.0014249200743720357
0 1 43.035 6 7 0.007009167509453179
1 0 0.0 0 0 0.00042768116616625796
1 0 0.0 0 0 0.0047956546450161515
0 18 0.6621384776166243 9 12 -0.026737144772537816
0 14 1.1118676752140708 10 11 -0.03295604417139007
1 0 0.0 0 0 -0.0018638450019623515
1 0 0.0 0 0 -0.011155586275138067
1 0 0.0 0 0 0.004410731131854923
tree 53 15
0 5 0.1874905785708902 1 8 0.0
0 4 72.71361376862762 2 5 -0.0004210834080683912
0 1 49.659 3 4 1.3942744639150147e-05
1 0 0.0 0 0 -0.00014901546459346936
1 0 0.0 0 0 0.001215286983628983
0 14 1.136288832383573 6 7 -0.02121364516631825
1 0 0.0 0 0 -0.0001235903133399429
1 0 0.0 0 0 -0.004497441668138284
0 18 0.46916172349774055 9 12 0.013037378454183282
0 42 1.5506708403291798 10 11 0.018483202521688686
1 0 0.0 0 0 0.003648448919648869
1 0 0.0 0 0 -7.361571593629959e-05
0 11 0.028856710295563165 13 14 -0.01416361996110632
1 0 0.0 0 0 0.0061767004579970875
1 0 0.0 0 0 -0.0034079788534129166
tree 54 15
0 9 3.5 1 8 0.0
0 30 0.9268719939214819 2 5 -0.0006096040971554906
0 19 0.1877408322776335 3 4 0.0024960763155619865
1 0 0.0 0 0 -8.770202665323464e-05
1 0 0.0 0 0 0.001470767536411148
0 33 0.6003348759621978 6 7 -0.0023913014394579286
1 0 0.0 0 0 -0.00017494421899222386
1 0 0.0 0 0 -0.0013525328580846537
0 41 0.5049745005521395 9 12 0.008544935828576688
0 18 0.4491379769379938 10 11 0.029061280869256467
1 0 0.0 0 0 0.0002646936602104688
1 0 0.0 0 0 0.009406018689299923
0 10 3.65447998046875 13 14 0.006280214016899997
1 0 0.0 0 0 0.0012162637036227059
1 0 0.0 0 0 -0.0027296140785555536
tree 55 15
0 23 0.25914142534545676 1 8 0.0
0 34 0.6682180410177182 2 5 -0.00040071166858232415
0 21 0.1303678724340545 3 4 0.0004447983238968428
1 0 0.0 0 0 -8.958951340981835e-05
1 0 0.0 0 0 0.0017881659779660007
0 14 1.301400529198893 6 7 -0.010220833171025163
1 0 0.0 0 0 0.00012591440516662904
1 0 0.0 0 0 -0.0028644783958153438
0 18 0.46520888596063764 9 12 0.012402556116682591
0 21 0.2216451769661353 10 11 0.025522787062492513
1 0 0.0 0 0 0.00306148523927042
1 0 0.0 0 0 0.006651982899760452
0 36 0.7731941589682199 13 14 -0.0011318177109150718
1 0 0.0 0 0 0.005940596509772616
1 0 0.0 0 0 -0.0010620865390508917
tree 56 15
0 11 0.1451394165990138 1 8 0.0
0 33 0.4923835378084244 2 5 -0.0004572029983492137
0 19 0.2091960302497896 3 4 0.0006900974547595671
1 0 0.0 0 0 -0.00017353030506945163
1 0 0.0 0 0 0.0012970090719680103
0 21 0.20389639015638306 6 7 -0.0058531103047915175
1 0 0.0 0 0 -0.0018678811370585833
1 0 0.0 0 0 0.0008109175449649479
0 23 0.062407534526436215 9 12 0.011228079682992368
0 31 0.8224823900498635 10 11 -0.0007298874059596345
1 0 0.0 0 0 -0.001996292121288466
1 0 0.0 0 0 0.0022920760585640725
0 33 0.5740720890213851 13 14 0.03286306106784268
1 0 0.0 0 0 0.008690278736451307
1 0 0.0 0 0 0.0033796513760906387
tree 57 15
0 2 1.996166950327043 1 8 0.0
0 0 1.107 2 5 0.014197980448068564
0 10 1.087188720703125 3 4 0.03420886750516492
1 0 0.0 0 0 -0.004372839439402971
1 0 0.0 0 0 0.006165253700128021
0 13 0.3271869212918306 6 7 0.00019985403460747874
1 0 0.0 0 0 -0.0010401325924580278
1 0 0.0 0 0 0.0021089432531052154
0 10 2.574920654296875 9 12 -0.00034133305183130014
0 10 2.54058837890625 10 11 -0.002277477114398181
1 0 0.0 0 0 -0.0002548918431951497
1 0 0.0 0 0 -0.003500450614573898
0 19 0.19443107142597743 13 14 0.0023805138382964543
1 0 0.0 0 0 -0.00025570184248232137
1 0 0.0 0 0 0.0012711014650949018
tree 58 15
0 10 3.536224365234375 1 8 0.0
0 10 3.208160400390625 2 5 0.00041823378536589044
0 30 0.9591493309358227 3 4 -0.0004630674763913115
1 0 0.0 0 0 0.0002137022891455938
1 0 0.0 0 0 -0.0005138204339918874
0 19 0.36269266989248716 6 7 0.008659807658351056
1 0 0.0 0 0 0.0007608217744558463
1 0 0.0 0 0 0.010933650175617487
0 19 0.4676541057699405 9 12 -0.013717238513917047
0 33 0.5688263180350315 10 11 -0.01915893545235848
1 0 0.0 0 0 -0.0011064943281985826
1 0 0.0 0 0 -0.010080850971085333
0 33 0.8276446806601043 13 14 0.040108943912392246
1 0 0.0 0 0 0.008110477641331415
1 0 0.0 0 0 -0.00031065363699581654
tree 59 15
0 2 2.4523419960221218 1 8 0.0
0 3 21.47643280029297 2 5 0.0028262093990464206
0 18 0.5476614584159036 3 4 0.00012428917808389583
1 0 0.0 0 0 0.0003820816968413471
1 0 0.0 0 0 -0.0013887215201161423
0 10 1.201629638671875 6 7 0.011348319312871863
1 0 0.0 0 0 -0.0013441854198540544
1 0 0.0 0 0 0.002259221940517851
0 34 0.44076481636192777 9 12 -0.0015667527965891545
0 21 0.15553495951150875 10 11 0.0007780899942209685
1 0 0.0 0 0 -6.853684524081425e-06
1 0 0.0 0 0 0.009781680204417853
0 23 0.10242761049146742 13 14 -0.010811886445436406
1 0 0.0 0 0 -0.003498699245566359
1 0 0.0 0 0 -0.0006508998374246471
tree 60 15
0 0 6.528 1 8 0.0
0 30 0.9133436774842708 2 5 0.0005868904645665789
0 2 3.3782783262125484 3 4 0.004675422295472982
1 0 0.0 0 0 0.0006670197413452553
1 0 0.0 0 0 0.011605573870862524
0 34 0.15426331481611247 6 7 -0.0008639552518091447
1 0 0.0 0 0 0.000294046068751905
1 0 0.0 0 0 -0.0005002962394921257
0 14 1.301400529198893 9 12 -0.0072768899499004065
0 11 0.04455838446802721 10 11 -0.004852185713653162
1 0 0.0 0 0 -0.0006110015431542014
1 0 0.0 0 0 -0.004127008043478166
0 14 3.589024123279132 13 14 -0.030904475567732664
1 0 0.0 0 0 -0.00610549250528204
1 0 0.0 0 0 0.005407752653689316
tree 61 13
0 8 1.5 1 8 0.0
0 4 31.37947230475322 2 5 -0.0006174034689198935
0 1 60.335 3 4 0.00043561562858449916
1 0 0.0 0 0 -4.7661963077679166e-05
1 0 0.0 0 0 0.002185067243882565
0 11 0.08856514066534318 6 7 -0.008505146521862917
1 0 0.0 0 0 -0.0016802976742965215
1 0 0.0 0 0 0.0009041219270216401
0 38 0.3494793050348072 9 10 0.006670077754430073
1 0 0.0 0 0 0.009677395644845276
0 2 2.555531318742518 11 12 0.005746093171058453
1 0 0.0 0 0 0.0019088065593622443
1 0 0.0 0 0 3.6182814364886635e-05
tree 62 15
0 12 3.7285318700070835 1 8 0.0
0 33 0.6003348759621978 2 5 -0.0002200622941085077
0 0 0.383 3 4 0.0006530567842890229
1 0 0.0 0 0 0.00942724843896453
1 0 0.0 0 0 7.221964236223031e-05
0 17 0.7697000028008566 6 7 -0.0066735848560612555
1 0 0.0 0 0 0.001399107714529677
1 0 0.0 0 0 -0.0018398516546986566
0 14 1.136288832383573 9 12 0.01855945708970555
0 3 25.183563232421875 10 11 0.00507330119284301
1 0 0.0 0 0 0.0023419268958575997
1 0 0.0 0 0 -0.0032753225189793974
0 4 9.240430726300158 13 14 0.040310243195903726
1 0 0.0 0 0 0.008151660657489986
1 0 0.0 0 0 -0.002407965568646533
tree 63 15
0 11 0.1881824725841552 1 8 0.0
0 9 1.5 2 5 -0.00021428773271533387
0 4 8.197983850902771 3 4 -0.0020142513800516845
1 0 0.0 0 0 -3.9509470286167957e-05
1 0 0.0 0 0 -0.001064555273098764
0 5 0.008395248941095914 6 7 0.0018411671282167969
1 0 0.0 0 0 0.00850457841590372
1 0 0.0 0 0 0.0001732336737386595
0 18 0.2857504444427659 9 12 0.018081725497277174
0 0 1.299 10 11 -0.02176360536380956
1 0 0.0 0 0 9.666516014155659e-05
1 0 0.0 0 0 -0.006767810875317081
0 12 3.0866575100705305 13 14 0.02454888140225092
1 0 0.0 0 0 0.0024755729857446904
1 0 0.0 0 0 0.007326490576312589
tree 64 15
0 10 1.277923583984375 1 8 0.0
0 21 0.06263115548898597 2 5 -0.005326567715926236
0 19 0.22064987631540103 3 4 -0.0003094486322861932
1 0 0.0 0 0 -0.0002526631571023216
1 0 0.0 0 0 0.0029281261643110813
0 10 1.163482666015625 6 7 -0.012558226843425915
1 0 0.0 0 0 -0.0006304204723688167
1 0 0.0 0 0 -0.0034900833580160146
0 21 0.1303678724340545 9 12 0.000692852152808022
0 33 0.4084158479041802 10 11 -0.00036020570822637186
1 0 0.0 0 0 0.00015215747549206194
1 0 0.0 0 0 -0.0014265178790204888
0 34 0.4973968056717035 13 14 0.007864952314216434
1 0 0.0 0 0 0.005093424326143904
1 0 0.0 0 0 0.0002092796127169771
tree 65 15
0 11 0.12911192902010374 1 8 0.0
0 4 80.59823529867369 2 5 -0.00047109875381577335
0 1 38.957 3 4 -0.0001547657652910183
1 0 0.0 0 0 -0.00020497399705195934
1 0 0.0 0 0 0.0007295969329808551
0 14 1.3672189426927335 6 7 -0.014347330413157259
1 0 0.0 0 0 0.001012424090367128
1 0 0.0 0 0 -0.004036748918399056
0 36 0.30239537115142046 9 12 0.00812586511020556
0 31 0.7527754919047315 10 11 -0.007513515734374043
1 0 0.0 0 0 -0.004338085843525146
1 0 0.0 0 0 0.0007851454050970552
0 31 0.7698789292090014 13 14 0.02040827020076058
1 0 0.0 0 0 0.0011741330242641293
1 0 0.0 0 0 0.004405034392945875
tree 66 15
0 10 3.536224365234375 1 8 0.0
0 10 3.208160400390625 2 5 0.0003364267418048213
0 2 2.460444185835965 3 4 -0.00038076603347956883
1 0 0.0 0 0 0.00036566885412582
1 0 0.0 0 0 -0.0003033681047171526
0 18 0.5922607403181406 6 7 0.007043324958964832
1 0 0.0 0 0 0.0006573188550398854
1 0 0.0 0 0 0.010880285136196854
0 18 0.6465671087028428 9 12 -0.011034392970977934
0 11 0.051018163621804925 10 11 -0.017294987336828622
1 0 0.0 0 0 -0.000679970672716781
1 0 0.0 0 0 -0.009167823522712885
0 12 3.508009902310474 13 14 0.021480048449657358
1 0 0.0 0 0 0.00182101681567767
1 0 0.0 0 0 0.011217666364141872
tree 67 15
0 9 4.5 1 8 0.0
0 42 1.869926508352953 2 5 -0.00022524642446864441
0 1 53.036 3 4 0.0004893711402122102
1 0 0.0 0 0 -3.842305259256087e-06
1 0 0.0 0 0 0.0036149372860062516
0 18 0.5622703905765402 6 7 -0.00502344404314543
1 0 0.0 0 0 -0.0010447839040033328
1 0 0.0 0 0 0.0068691125020909904
0 1 41.878 9 12 0.015684994729033803
0 10 3.536224365234375 10 11 0.007000212399265439
1 0 0.0 0 0 0.0014877595639296922
1 0 0.0 0 0 -0.002926442710406718
0 19 0.17966910240769798 13 14 0.043209476219044966
1 0 0.0 0 0 0.000711721617969998
1 0 0.0 0 0 0.010337900469120021
tree 68 15
0 22 0.24435621913848796 1 8 0.0
0 33 0.6003348759621978 2 5 -0.00033257366801361737
0 20 0.157874198629861 3 4 0.0005443064436969236
1 0 0.0 0 0 -5.335472969543455e-05
1 0 0.0 0 0 0.0013553925264742838
0 27 -0.025184067169484806 6 7 -0.007581282417599494
1 0 0.0 0 0 0.007803992660121201
1 0 0.0 0 0 -0.0013982767676944347
0 0 0.261 9 12 0.010299750552541793
0 35 0.9675864204424522 10 11 0.03785637796295017
1 0 0.0 0 0 0.009542476900824113
1 0 0.0 0 0 0.001693645641215063
0 18 0.459503085534584 13 14 0.007738572805243047
1 0 0.0 0 0 0.003405687289751434
1 0 0.0 0 0 0.0002954373953517002
tree 69 15
0 41 2.694413736692409 1 8 0.0
0 13 2.6550104426114465 2 5 -0.0003021229269551612
0 1 105.465 3 4 0.00031391806776086045
1 0 0.0 0 0 4.202913461303561e-06
1 0 0.0 0 0 0.0069570690825438266
0 1 65.71 6 7 -0.0068267721672867505
1 0 0.0 0 0 -0.0003363298082494299
1 0 0.0 0 0 -0.0029259600913596304
0 23 0.16345620941732247 9 12 0.010750570042092684
0 0 0.482 10 11 0.0069939713136651345
1 0 0.0 0 0 -0.004307080595681327
1 0 0.0 0 0 0.0014214345539499775
0 2 2.4775523014692675 13 14 0.022189863747909877
1 0 0.0 0 0 0.004180125674745286
1 0 0.0 0 0 0.0010297451027145143
tree 70 13
0 2 1.8948939368936515 1 6 0.0
0 10 1.434326171875 2 3 0.019607646170238375
1 0 0.0 0 0 0.010463880923734532
0 30 0.8321864944891055 4 5 0.010289490410001304
1 0 0.0 0 0 0.006178759604226797
1 0 0.0 0 0 0.0008691165508128249
0 33 0.4084158479041802 7 10 -0.00015440183053605467
0 14 0.9698602380135485 8 9 0.0008609613060914384
1 0 0.0 0 0 -0.0001683958407419607
1 0 0.0 0 0 0.001724054779619156
0 21 0.1303678724340545 11 12 -0.0032448696122266553
1 0 0.0 0 0 -0.0015333096105305066
1 0 0.0 0 0 0.0003556827050391912
tree 71 15
0 11 0.12911192902010374 1 8 0.0
0 33 0.37233695258132005 2 5 -0.0004112016831068195
0 14 1.5609861687602091 3 4 0.0006351798451003217
1 0 0.0 0 0 -8.384578813384492e-05
1 0 0.0 0 0 0.002546702391846338
0 14 1.3672189426927335 6 7 -0.0037723489625903633
1 0 0.0 0 0 0.0005157572686324488
1 0 0.0 0 0 -0.0022638931174792107
0 36 0.30239537115142046 9 12 0.007101817632291513
0 31 0.7527754919047315 10 11 -0.005770357682377814
1 0 0.0 0 0 -0.003555814039427787
1 0 0.0 0 0 0.000736398361809516
0 33 0.5688263180350315 13 14 0.01721076796578321
1 0 0.0 0 0 0.004576835797538203
1 0 0.0 0 0 0.0015377538833856307
tree 72 15
0 10 0.865936279296875 1 8 0.0
0 1 11.884 2 5 -0.013648224205638165
0 32 0.7756408390778792 3 4 -0.03330980431404372
1 0 0.0 0 0 -0.002532589151289326
1 0 0.0 0 0 -0.007612961505052362
0 17 0.8698615756661109 6 7 -0.0029626307197999123
1 0 0.0 0 0 0.00010599266202295859
1 0 0.0 0 0 -0.00693658601376228
0 21 0.21570920606281244 9 12 0.00022252241797663362
0 33 0.5233936571751915 10 11 -0.0003342843648281638
1 0 0.0 0 0 7.672263445580498e-05
1 0 0.0 0 0 -0.0009304478992435183
0 34 0.5596327398365846 13 14 0.010217484536587603
1 0 0.0 0 0 0.006053795537881294
1 0 0.0 0 0 0.0002412976149049163
tree 73 15
0 0 9.62 1 8 0.0
0 30 0.9133436774842708 2 5 0.0003333795684177262
0 19 0.1956319132750786 3 4 0.0034760337101605735
1 0 0.0 0 0 0.00020256822689263362
1 0 0.0 0 0 0.001553447291606155
0 3 18.46072006225586 6 7 -0.0008584031803140074
1 0 0.0 0 0 0.00025504378032434766
1 0 0.0 0 0 -0.0003926148092274381
0 14 1.8085265439702694 9 12 -0.009087213972475302
0 11 0.041396952205939294 10 11 -0.006907441174591474
1 0 0.0 0 0 -0.0007780272315604729
1 0 0.0 0 0 -0.004086835749886247
0 14 2.6907556661027807 13 14 -0.056966309578946
1 0 0.0 0 0 -0.013403448410332202
1 0 0.0 0 0 -0.002557564410381019
tree 74 15
0 10 2.399444580078125 1 8 0.0
0 26 -0.03737056173983271 2 5 -0.001756217951913856
0 10 1.5411376953125 3 4 0.030563766419148288
1 0 0.0 0 0 0.0076726686667068986
1 0 0.0 0 0 -0.002302650743299369
0 34 0.1518906360055952 6 7 -0.0021239150314387154
1 0 0.0 0 0 0.00010614863769673938
1 0 0.0 0 0 -0.0009061391566961502
0 10 2.410888671875 9 12 0.0016892524097927625
0 0 0.604 10 11 0.029323876352022202
1 0 0.0 0 0 0.008762756216190375
1 0 0.0 0 0 0.0010131798242276591
0 41 0.6255798878329515 13 14 0.0011600356868855678
1 0 0.0 0 0 0.0008141643031606278
1 0 0.0 0 0 -0.0001346165662844821
tree 75 15
0 9 2.5 1 8 0.0
0 4 22.61575843051164 2 5 -0.0008806471685250002
0 14 0.7584751777841745 3 4 6.521351580924257e-05
1 0 0.0 0 0 -0.0002649131094164304
1 0 0.0 0 0 0.0008557294516204152
0 1 122.571 6 7 -0.005777043817664741
1 0 0.0 0 0 -0.0007411809489979881
1 0 0.0 0 0 -0.009825645877904857
0 41 0.2514841153640568 9 12 0.0033796050985756758
0 38 0.3756972706711001 10 11 0.03350634210682231
1 0 0.0 0 0 0.011804042921222028
1 0 0.0 0 0 0.0019411276500042494
0 42 1.818362356215651 13 14 0.002711514127801327
1 0 0.0 0 0 0.0006970004494553937
1 0 0.0 0 0 -0.0012036962029569308
tree 76 13
0 21 0.4112451588700772 1 8 0.0
0 28 0.23075894457055804 2 5 -0.0001036930338399147
0 13 2.6550104426114465 3 4 -0.00045512455380631065
1 0 0.0 0 0 1.053360945165314e-05
1 0 0.0 0 0 -0.0009411410283035319
0 17 0.8270526701280884 6 7 0.007707027284687248
1 0 0.0 0 0 0.0016806163523430005
1 0 0.0 0 0 -0.002655885084724022
0 1 17.071 9 10 0.026425507976103966
1 0 0.0 0 0 -0.0006198093001673486
0 6 13.601470508735444 11 12 0.03704739387572416
1 0 0.0 0 0 0.001420905050638664
1 0 0.0 0 0 0.009355820520237711
tree 77 15
0 10 3.65447998046875 1 8 0.0
0 10 2.574920654296875 2 5 0.0002503513494100025
0 3 28.743980407714844 3 4 -0.0011571002058389668
1 0 0.0 0 0 -0.00023175301097225318
1 0 0.0 0 0 0.004302058188410241
0 19 0.19443107142597743 6 7 0.0023334845656295773
1 0 0.0 0 0 -0.00025340165756882523
1 0 0.0 0 0 0.0014136058729510223
0 19 0.4319059624057775 9 12 -0.010858495888589838
0 11 0.05743952907503431 10 11 -0.016666235112212928
1 0 0.0 0 0 -0.0008821711589679698
1 0 0.0 0 0 -0.009347138234426499
0 38 0.8789477251754831 13 14 0.022517515494866823
1 0 0.0 0 0 0.00030495711370825854
1 0 0.0 0 0 0.008634871422880877
tree 78 15
0 34 0.17959304582278174 1 8 0.0
0 14 1.0082541717166589 2 5 0.0014272521617406787
0 18 0.5439063829572421 3 4 -0.0010956287658353831
1 0 0.0 0 0 -4.0722371477154566e-05
1 0 0.0 0 0 -0.002385921665425924
0 17 0.6414579534099625 6 7 0.021827899295914707
1 0 0.0 0 0 -0.0029399487480489318
1 0 0.0 0 0 0.005986968882528527
0 14 1.1834460423308866 9 12 -0.0017922624246544568
0 13 0.1445233596394596 10 11 0.0018352360091416764
1 0 0.0 0 0 -0.001801595438037536
1 0 0.0 0 0 0.000600770329097654
0 31 0.778385742435154 13 14 -0.007547945383258653
1 0 0.0 0 0 -0.0021186426134456034
1 0 0.0 0 0 0.0003801073066547894
tree 79 15
0 37 1.8687729430173865 1 8 0.0
0 34 0.11761584058577401 2 5 -0.00037968841054710503
0 14 1.1118676752140708 3 4 0.0015983140570808854
1 0 0.0 0 0 -0.00013593938697551079
1 0 0.0 0 0 0.0039887443749867715
0 42 1.840344316480272 6 7 -0.0021462031900158925
1 0 0.0 0 0 -0.00014136287226541945
1 0 0.0 0 0 -0.0020439615013052997
0 18 0.4760793855361191 9 12 0.007076632861200172
0 0 0.726 10 11 0.010282719721092175
1 0 0.0 0 0 0.003819837534978858
1 0 0.0 0 0 0.0008666261981628581
0 25 0.42758559274830843 13 14 -0.007104884754131151
1 0 0.0 0 0 -0.0018332813694899646
1 0 0.0 0 0 0.001939748732475939
tree 80 13
0 42 2.020175951743219 1 8 0.0
0 1 73.985 2 5 0.00041190076825890634
0 17 0.79328048993379 3 4 0.00016719701468378937
1 0 0.0 0 0 0.00019476173856504858
1 0 0.0 0 0 -0.0004796631996724776
0 39 0.15831472244502706 6 7 0.03831180728004215
1 0 0.0 0 0 0.019367881247308105
1 0 0.0 0 0 0.002189897679429697
0 19 0.3728609440647585 9 12 -0.006581691857585219
0 10 3.101348876953125 10 11 -0.007739089084389499
1 0 0.0 0 0 -0.0006110402517961604
1 0 0.0 0 0 -0.005197188919543297
1 0 0.0 0 0 0.012948696926333617
tree 81 15
0 2 2.38031937470125 1 8 0.0
0 14 0.5964268238625658 2 5 0.0026240594610389637
0 31 0.9236511268034971 3 4 0.00016072856137736051
1 0 0.0 0 0 0.00024496284134451103
1 0 0.0 0 0 -0.0031564900679394376
0 13 0.2901298711545592 6 7 0.011068734942723635
1 0 0.0 0 0 0.004079194696014626
1 0 0.0 0 0 0.0006015626710269687
0 34 0.34287070421435717 9 12 -0.0009530757226942414
0 21 0.11623328525212959 10 11 0.0007199370928755068
1 0 0.0 0 0 1.1764117232836365e-05
1 0 0.0 0 0 0.0056199898898845295
0 22 0.10043921879458095 13 14 -0.005426661147165144
1 0 0.0 0 0 -0.0019995973370764324
1 0 0.0 0 0 -0.00010291482861154088
tree 82 15
0 9 1.5 1 8 0.0
0 4 5.239361300827471 2 5 -0.0014524022179735097
0 1 79.459 3 4 0.0004287165810053145
1 0 0.0 0 0 -2.0264498223311448e-05
1 0 0.0 0 0 0.0059535829036829425
0 33 0.46590602572897705 6 7 -0.00452790301337768
1 0 0.0 0 0 -0.00030898402512398714
1 0 0.0 0 0 -0.002700934074519087
0 5 0.007035558478223375 9 12 0.0016514652133214245
0 22 0.04529739771364196 10 11 0.05444089087715838
1 0 0.0 0 0 0.0036563856142778086
1 0 0.0 0 0 0.017063747074649627
0 42 1.840344316480272 13 14 0.0012683597241518597
1 0 0.0 0 0 0.00035274247767874174
1 0 0.0 0 0 -0.0007223952547305673
tree 83 15
0 9 4.5 1 8 0.0
0 42 2.0692974514069977 2 5 -0.0001808016129210594
0 2 3.108467868043344 3 4 0.0001483583780101684
1 0 0.0 0 0 8.461404434523825e-07
1 0 0.0 0 0 0.007346542697436279
0 3 17.502639770507812 6 7 -0.007483485726828867
1 0 0.0 0 0 0.004132388664576116
1 0 0.0 0 0 -0.0017572843752733508
0 1 41.878 9 12 0.012615083278341599
0 25 0.017921292611292567 10 11 0.004760503935096347
1 0 0.0 0 0 -0.0037232072106174498
1 0 0.0 0 0 0.0010467907247952567
0 35 0.5446545215586975 13 14 0.03751619642232729
1 0 0.0 0 0 0.00902629537617031
1 0 0.0 0 0 0.0006456061018804784
tree 84 15
0 30 0.9596166524765122 1 8 0.0
0 10 3.536224365234375 2 5 0.0012061060030822803
0 19 0.19388690441682147 3 4 0.0015348017697695458
1 0 0.0 0 0 -9.497816742575314e-06
1 0 0.0 0 0 0.0007525212139062632
0 19 0.4319059624057775 6 7 -0.013463157248853476
1 0 0.0 0 0 -0.002639074929808679
1 0 0.0 0 0 0.0036702088585186103
0 9 3.5 9 12 -0.001866387729914218
0 20 0.5216473239252039 10 11 -0.0024003832037529627
1 0 0.0 0 0 -0.00038773364514171904
1 0 0.0 0 0 0.0032356781146868838
0 5 0.03147787335457427 13 14 0.005695355480016431
1 0 0.0 0 0 0.004791959743703376
1 0 0.0 0 0 0.0005497443678206381
tree 85 15
0 42 0.8834505388522436 1 8 0.0
0 41 0.4743476429184387 2 5 0.011695700981378803
0 32 0.7110857893035141 3 4 -0.018410584361131088
1 0 0.0 0 0 -0.0010269740354129347
1 0 0.0 0 0 -0.0058840690158271725
0 17 0.6785527134509142 6 7 0.020913601246124302
1 0 0.0 0 0 0.008002017969200905
1 0 0.0 0 0 0.001999265978651363
0 24 0.502566785598364 9 12 -0.00018553489815210532
0 20 0.48064812506691557 10 11 -0.00027691387243181364
1 0 0.0 0 0 -6.074506238973008e-05
1 0 0.0 0 0 0.0024208904020488263
0 32 0.6359724953064423 13 14 0.02321796106494602
1 0 0.0 0 0 0.004228762892214332
1 0 0.0 0 0 -5.050892260198186e-06
tree 86 15
0 10 1.270294189453125 1 8 0.0
0 0 1.751 2 5 -0.004178481069636538
0 10 1.163482666015625 3 4 -0.009614176321315785
1 0 0.0 0 0 -0.0004056336604534364
1 0 0.0 0 0 -0.002578435580749606
0 12 2.562231232441441 6 7 0.0014650462482720572
1 0 0.0 0 0 0.00010834383925040297
1 0 0.0 0 0 0.008404618410554022
0 42 1.1197002974674775 9 12 0.0004912991336777829
0 10 1.5411376953125 10 11 0.006810693751867017
1 0 0.0 0 0 0.005297461753993625
1 0 0.0 0 0 0.00026002354951876053
0 33 0.6234602682339896 13 14 -0.0001882712197657949
1 0 0.0 0 0 7.103155125300042e-05
1 0 0.0 0 0 -0.0009210638028736625
tree 87 15
0 8 1.5 1 8 0.0
0 4 32.45019455010181 2 5 -0.00042652570476526706
0 1 38.957 3 4 0.00021207493059603635
1 0 0.0 0 0 -0.00012155046211656466
1 0 0.0 0 0 0.0006873380792155594
0 14 1.0660774898176328 6 7 -0.005544170642749645
1 0 0.0 0 0 -1.4425678493951735e-05
1 0 0.0 0 0 -0.0017546199056573215
0 18 0.6775688820338241 9 12 0.004614429067271812
0 38 0.3291318012389645 10 11 0.005398230683219524
1 0 0.0 0 0 0.007738358157671014
1 0 0.0 0 0 0.0007159771548274032
0 30 0.9713213195721189 13 14 -0.04335120339722683
1 0 0.0 0 0 -0.012474460675659386
1 0 0.0 0 0 -0.00037229837986027325
tree 88 15
0 42 1.8581441197848905 1 8 0.0
0 1 53.036 2 5 0.0005527706574079198
0 18 0.5659352151626559 3 4 8.836945753853404e-05
1 0 0.0 0 0 0.0001754780134071003
1 0 0.0 0 0 -0.0007000647233115063
0 11 0.02475756566249926 6 7 0.024206496371102892
1 0 0.0 0 0 0.00851406770149225
1 0 0.0 0 0 0.0020377761492867312
0 20 0.20310748532709758 9 12 -0.0034675690586442255
0 33 0.2708353394661645 10 11 -0.004623312280640752
1 0 0.0 0 0 -0.00011540102820783939
1 0 0.0 0 0 -0.0037663444546773093
0 11 0.03693574582065632 13 14 0.0488495138336227
1 0 0.0 0 0 0.021588007344066032
1 0 0.0 0 0 0.0028365248648656734
tree 89 15
0 11 0.16524795482853002 1 8 0.0
0 30 0.9133436774842708 2 5 -0.0002188046755920481
0 19 0.18817383551580544 3 4 0.0020205880232442588
1 0 0.0 0 0 3.784670414312199e-05
1 0 0.0 0 0 0.0010874514912818333
0 34 0.6682180410177182 6 7 -0.0011292122649990543
1 0 0.0 0 0 -8.423137389210201e-05
1 0 0.0 0 0 -0.0008685342481804845
0 2 2.745429618142541 9 12 0.00912979582312084
0 18 0.5622703905765402 10 11 0.021447338569074957
1 0 0.0 0 0 0.0014660094233190557
1 0 0.0 0 0 0.006247639384859033
0 35 0.5573412516823482 13 14 -0.003946078852637465
1 0 0.0 0 0 -0.001551779069764831
1 0 0.0 0 0 0.0032448515850667125
tree 90 15
0 22 0.14424376695359792 1 8 0.0
0 33 0.42084142045316264 2 5 -0.0005259190011987373
0 12 2.515874408492925 3 4 0.0003259472534948419
1 0 0.0 0 0 -0.00018680894595339635
1 0 0.0 0 0 0.0010715830390604134
0 19 0.3186427649264423 6 7 -0.0048216924624109305
1 0 0.0 0 0 -0.0022437206257919164
1 0 0.0 0 0 0.0001120576704684395
0 13 0.07364229366265365 9 12 0.003954977825573554
0 38 0.3223662905244332 10 11 -0.043149512885116634
1 0 0.0 0 0 -0.009704799342176152
1 0 0.0 0 0 -0.0031201947653446242
0 36 0.5729891087302084 13 14 0.00468805286607112
1 0 0.0 0 0 0.003062319983146887
1 0 0.0 0 0 0.00018358403469794873
tree 91 15
0 5 0.1478029754970984 1 8 0.0
0 4 72.71361376862762 2 5 -0.0003557202546138667
0 1 38.957 3 4 -0.00012954071503952028
1 0 0.0 0 0 -0.0001542730331449825
1 0 0.0 0 0 0.00046750346953343847
0 5 0.049764833180821935 6 7 -0.015263888250736084
1 0 0.0 0 0 -0.010170278510678437
1 0 0.0 0 0 -0.0017525417635564286
0 14 1.2121251475816954 9 12 0.005706467686138173
0 20 0.22223172804133196 10 11 0.010561255870593072
1 0 0.0 0 0 0.0014466922867405524
1 0 0.0 0 0 0.007453836960950866
0 10 3.536224365234375 13 14 -0.0025330736836953983
1 0 0.0 0 0 3.69085696555118e-06
1 0 0.0 0 0 -0.007191225980362936
tree 92 15
0 40 0.1479656530841287 1 8 0.0
0 34 0.31204509245223994 2 5 -0.0032278517114272573
0 14 0.9507599286727894 3 4 -0.0008198469217977942
1 0 0.0 0 0 -0.0005487660743748882
1 0 0.0 0 0 0.0024474010676359187
0 11 0.025997878021457022 6 7 -0.019407764520313536
1 0 0.0 0 0 0.00142847888900308
1 0 0.0 0 0 -0.004220224110116127
0 11 0.12911192902010374 9 12 0.0006013060186352683
0 31 0.8730805954020903 10 11 0.00015386240959498808
1 0 0.0 0 0 0.00010198664113477364
1 0 0.0 0 0 -0.0008532798996605786
0 12 3.0491793499665545 13 14 0.007928783174534888
1 0 0.0 0 0 0.00044078051263071315
1 0 0.0 0 0 0.004178801456414287
tree 93 15
0 0 9.62 1 8 0.0
0 17 0.7464546474043515 2 5 0.0002609614974583349
0 0 1.045 3 4 0.002706604562420651
1 0 0.0 0 0 0.0021203622319970524
1 0 0.0 0 0 0.00010109153598113641
0 3 18.745685577392578 6 7 -0.0009554968371100383
1 0 0.0 0 0 0.0002900785796305299
1 0 0.0 0 0 -0.00044009659568199885
0 14 1.8085265439702694 9 12 -0.007116350741719468
0 14 0.6946703613204588 10 11 -0.005181845056857179
1 0 0.0 0 0 -0.00024466274820984926
1 0 0.0 0 0 -0.002169899571170502
0 24 0.00405556497975768 13 14 -0.049618532456416675
1 0 0.0 0 0 -0.012269404629866284
1 0 0.0 0 0 -0.0026631863763001053
tree 94 15
0 3 25.252220153808594 1 8 0.0
0 33 0.2279117437226761 2 5 -0.0005130979290404688
0 19 0.2091960302497896 3 4 0.0010318008751599305
1 0 0.0 0 0 -1.844811136023801e-06
1 0 0.0 0 0 0.004585760994744532
0 14 0.308118618200597 6 7 -0.002852870652196107
1 0 0.0 0 0 -0.0014757669950893075
1 0 0.0 0 0 -0.00011818622707151512
0 20 0.15062107863181165 9 12 0.0037088716304720425
0 2 3.0540706456323656 10 11 1.525985494205033e-05
1 0 0.0 0 0 0.0003515116066423561
1 0 0.0 0 0 -0.0028417395123395968
0 27 0.035564962261721074 13 14 0.012922303979973931
1 0 0.0 0 0 0.005482441397268574
1 0 0.0 0 0 0.0007496134041512368
tree 95 13
0 10 3.8299560546875 1 8 0.0
0 0 0.261 2 5 0.00011439513572169268
0 34 0.8705523900497923 3 4 0.02159940804279463
1 0 0.0 0 0 0.007363303165038814
1 0 0.0 0 0 0.0005614847686077662
0 10 2.399444580078125 6 7 2.491049725687203e-05
1 0 0.0 0 0 -0.00019726444125233212
1 0 0.0 0 0 0.0002003665490390137
0 13 3.1846550855061606 9 12 -0.014403942860479633
0 14 1.3672189426927335 10 11 -0.01898089208856725
1 0 0.0 0 0 -0.00130660404484388
1 0 0.0 0 0 -0.005782073548560793
1 0 0.0 0 0 0.0048380063023484715
tree 96 13
0 11 0.2200365466359951 1 8 0.0
0 11 0.04324026024026982 2 5 -7.724785398078531e-05
0 0 0.371 3 4 0.000656166064011912
1 0 0.0 0 0 0.0032827472351023034
1 0 0.0 0 0 3.699136265177337e-05
0 33 0.33571026603801446 6 7 -0.0023483990727454374
1 0 0.0 0 0 0.0007421046151325239
1 0 0.0 0 0 -0.000777220830774686
0 18 0.3056294971162873 9 10 0.01966867776442211
1 0 0.0 0 0 -0.002045802022282621
0 23 0.044389401731580694 11 12 0.03464860602456249
1 0 0.0 0 0 0.003088550101940955
1 0 0.0 0 0 0.009096027226561481
tree 97 15
0 21 0.12015560154666671 1 8 0.0
0 33 0.3403131621577713 2 5 -0.0005539363906006235
0 14 1.5609861687602091 3 4 0.00034685042839730304
1 0 0.0 0 0 -8.677749602504225e-05
1 0 0.0 0 0 0.0018729584512178234
0 17 0.7302338809945655 6 7 -0.005205671839400792
1 0 0.0 0 0 0.0019296145430438558
1 0 0.0 0 0 -0.0011858937465196158
0 1 35.461 9 12 0.0028124290635127935
0 25 -0.007623621433544003 10 11 -0.0009076199127572367
1 0 0.0 0 0 0.006006921584440409
1 0 0.0 0 0 -0.0003363077378659936
0 11 0.020993358702221385 13 14 0.016660516413241736
1 0 0.0 0 0 0.016827651213071393
1 0 0.0 0 0 0.0012560555363607176
tree 98 15
0 42 1.766403156432471 1 8 0.0
0 1 39.544 2 5 0.0006972326722799617
0 17 0.7994543817618469 3 4 -0.00012635555050363278
1 0 0.0 0 0 0.00020455477535449073
1 0 0.0 0 0 -0.0008162113929065321
0 14 3.589024123279132 6 7 0.013108015020723167
1 0 0.0 0 0 0.003857546119984014
1 0 0.0 0 0 -0.00033038398523717023
0 19 0.3728609440647585 9 12 -0.002653078349067475
0 33 0.3403131621577713 10 11 -0.0037744461068282696
1 0 0.0 0 0 -0.00019293767497510466
1 0 0.0 0 0 -0.003040177014144358
0 11 0.015124722140150726 13 14 0.03279568800097824
1 0 0.0 0 0 0.02607138418967313
1 0 0.0 0 0 0.002339019993724461
tree 99 15
0 11 0.12911192902010374 1 8 0.0
0 11 0.04324026024026982 2 5 -0.00032353357249853055
0 0 0.371 3 4 0.0005093128257898565
1 0 0.0 0 0 0.002728664231467331
1 0 0.0 0 0 2.5228177222399648e-05
0 34 0.11032407480628055 6 7 -0.003586839164741162
1 0 0.0 0 0 0.0013577037989696461
1 0 0.0 0 0 -0.0008102309266142798
0 23 0.044389401731580694 9 12 0.005590564018892364
0 2 2.6562736484018923 10 11 -0.003880402321902473
1 0 0.0 0 0 0.0016273124730376931
1 0 0.0 0 0 -0.00193872863800849
0 33 0.7660952458996548 13 14 0.016120471094407444
1 0 0.0 0 0 0.0038327855956162803
1 0 0.0 0 0 0.0002444059406089257
